10000000 1 1 50 1255.784000
10000000 1 1 50 1230.944000
10000000 1 1 50 1218.455000
10000000 1 1 50 1278.351000
10000000 1 1 50 1318.361000
10000000 1 1 50 2170.712000
10000000 1 1 50 1523.048000
10000000 1 1 50 1409.623000
10000000 1 1 50 1430.528000
10000000 1 1 50 1486.091000
10000000 1 1 50 1202.360000
10000000 1 1 50 1248.657000
10000000 1 1 50 1290.497000
10000000 1 1 50 1185.208000
10000000 1 1 50 1189.227000
10000000 1 1 50 1252.972000
10000000 1 1 50 1179.339000
10000000 1 1 50 1209.393000
10000000 1 1 50 1201.345000
10000000 1 1 50 1274.156000
10000000 1 2 50 1207.396000
10000000 1 2 50 1216.617000
10000000 1 2 50 1219.276000
10000000 1 2 50 1203.430000
10000000 1 2 50 1256.266000
10000000 1 2 50 1230.418000
10000000 1 2 50 1272.018000
10000000 1 2 50 1250.385000
10000000 1 2 50 1177.389000
10000000 1 2 50 1285.873000
10000000 1 2 50 1214.453000
10000000 1 2 50 1228.333000
10000000 1 2 50 1252.403000
10000000 1 2 50 1210.344000
10000000 1 2 50 1236.683000
10000000 1 2 50 1288.327000
10000000 1 2 50 1219.174000
10000000 1 2 50 1196.667000
10000000 1 2 50 1201.413000
10000000 1 2 50 1242.502000
10000000 1 4 50 1240.807000
10000000 1 4 50 1261.152000
10000000 1 4 50 1261.848000
10000000 1 4 50 1254.939000
10000000 1 4 50 1204.848000
10000000 1 4 50 1289.216000
10000000 1 4 50 1192.679000
10000000 1 4 50 1219.336000
10000000 1 4 50 1270.714000
10000000 1 4 50 1263.993000
10000000 1 4 50 1232.758000
10000000 1 4 50 1214.177000
10000000 1 4 50 1217.956000
10000000 1 4 50 1198.031000
10000000 1 4 50 1245.696000
10000000 1 4 50 1200.204000
10000000 1 4 50 1202.418000
10000000 1 4 50 1276.756000
10000000 1 4 50 1184.570000
10000000 1 4 50 1191.755000
10000000 1 8 50 1271.712000
10000000 1 8 50 1205.573000
10000000 1 8 50 1183.175000
10000000 1 8 50 1290.244000
10000000 1 8 50 1210.416000
10000000 1 8 50 1234.612000
10000000 1 8 50 1194.678000
10000000 1 8 50 1179.537000
10000000 1 8 50 1196.508000
10000000 1 8 50 1279.236000
10000000 1 8 50 1322.261000
10000000 1 8 50 1256.216000
10000000 1 8 50 1241.659000
10000000 1 8 50 1242.879000
10000000 1 8 50 1305.458000
10000000 1 8 50 1209.236000
10000000 1 8 50 1199.143000
10000000 1 8 50 1245.163000
10000000 1 8 50 1239.780000
10000000 1 8 50 1249.950000
